# Sauvegarde de metrique
# Date et heure : 2025-07-02 14:28:17
# Nombre de clés : 9
# ---
nb_rows: 39
nb_cols: 26
density: 0.9763313609467456
found: True
row_indices: [0, 1, 10, 11, 12, 13, 14, 15, 16, 17, 18, 19, 2, 20, 21, 22, 23, 24, 25, 26, 27, 28, 29, 3, 30, 31, 32, 33, 34, 35, 36, 39, 4, 46, 5, 6, 7, 8, 9]
col_indices: [0, 1, 10, 11, 12, 13, 14, 15, 16, 17, 18, 19, 2, 20, 21, 22, 23, 24, 25, 3, 4, 5, 6, 7, 8, 9]
submatrix_size: 1014
list_rows_indices: [0, 1, 10, 11, 12, 13, 14, 15, 16, 17, 18, 19, 2, 20, 21, 22, 23, 24, 25, 26, 27, 28, 29, 3, 30, 31, 32, 33, 34, 35, 36, 39, 4, 46, 5, 6, 7, 8, 9]
list_cols_indices: [0, 1, 10, 11, 12, 13, 14, 15, 16, 17, 18, 19, 2, 20, 21, 22, 23, 24, 25, 3, 4, 5, 6, 7, 8, 9]
